SPRINT 0
Estimado

Dia 5

Dia 4

Dia 3

Dia 2

Dia 1

Total de Horas

REQ001-1

5

5

0

0

0

0

5

REQ001-2

4

0

3

1

0

0

4

REQ001-3

5

0

1

4

0

0

5

REQ002-1

2

2

0

0

0

0

2

REQ002-2

3,5

0

3,5

0

0

0

3,5

REQ002-3

2,5

0

0

2,5

0

0

2,5

REQ002-4

2,5

0

0

0

1,5

1

2,5

REQ003-1

3,5

3,5

0

0

0

0

3,5

REQ003-2

2

0

2

0

0

0

2

REQ003-3

3

0

0

1

2

0

3

REQ003-4

2

0

0

0

0

2

2

Horas Estimadas

35

24,5

15

6,5

3

0

Horas EstimadasRestantes

35

28

21

14

7

0

El Sprint concluyó con un resultado altamente exitoso y una predictibilidad excepcional, ya que el equipo
logró completar el 100% de las 35 Horas Estimadas dentro de los 7 días planificados, alcanzando la meta
de 0 horas restantes. El equipo mantuvo un ritmo de progreso notablemente uniforme, completando un
promedio constante de 7 horas de esfuerzo por día, lo cual se refleja en que la línea de progreso real en el
Burndown Chart se mantuvo consistentemente alineada con la línea ideal, indicando un flujo de trabajo
estable, libre de estancamientos o sobrecargas tardías, y sirviendo este Sprint como un modelo de
rendimiento óptimo para la calibración futura de la capacidad.

SPRINT 1
ID

Estimado

Día 1

Día 2

Día 3

Día 4

Día 5

Total Horas

REQ004-1

2

2

0

0

0

0

2

REQ004-2

2,5

0

2,5

0

0

0

2,5

REQ004-3

2,5

0

0

2,5

0

0

2,5

REQ005-1

3

3

0

0

0

0

3

REQ005-2

4

0

4

0

0

0

4

REQ005-3

2

0

0

2

0

0

2

REQ005-4

3

0

0

0

3

0

3

REQ006-1

3

0

0

3

0

0

3

REQ006-2

3

0

0

0

3

0

3

REQ006-3

2

0

0

0

0

2

2

REQ007-1

2,5

0

0

0

0

2,5

2,5

REQ007-2

3

0

0

0

0

3

3

REQ007-3

2

0

0

0

0

2

2

Horas Estimadas

34,5

29,5

23

15,5

9,5

0

Horas EstimadasRestantes

34,5

27,6

20,7

13,8

6,9

0

SPRINT 2
ID

Estimado

Día 1

Día 2

Día 3

Día 4

Día 5

Total Horas

REQ008-1

2,5

2,5

0

0

0

0

2,5

REQ008-2

2,5

0

2,5

0

0

0

2,5

REQ008-3

2

0

0

2

0

0

2

REQ009-1

3

3

0

0

0

0

3

REQ009-2

3

0

3

0

0

0

3

REQ009-3

3

0

0

3

0

0

3

REQ010-1

2,5

0

0

0

2,5

0

2,5

REQ010-2

3

0

0

0

3

0

3

REQ010-3

3

0

0

0

0

3

3

REQ011-1

2

0

0

0

2

0

2

REQ011-2

2,5

0

0

0

0

2,5

2,5

REQ011-3

3

0

0

0

0

3

3

Horas Estimadas

32

26,5

21

16

8,5

0

Horas EstimadasRestantes

32

25,6

19,2

12,8

6,4

0

SPRINT 3
ID

Estimado

Día 1

Día 2

Día 3

Día 4

Día 5

Total Horas

REQ012-1

3

3

0

0

0

0

3

REQ012-2

4

0

4

0

0

0

4

REQ012-3

3

0

0

3

0

0

3

REQ013-1

2

2

0

0

0

0

2

REQ013-2

2

0

2

0

0

0

2

REQ013-3

2

0

0

2

0

0

2

REQ014-1

3

0

0

0

3

0

3

REQ014-2

3

0

0

0

3

0

3

REQ014-3

3

0

0

0

0

3

3

REQ015-1

3

0

0

0

3

0

3

REQ015-2

3

0

0

0

0

3

3

REQ015-3

2

0

0

0

0

2

2

Horas Estimadas

33

28

22

17

8

0

Horas EstimadasRestantes

33

26,4

19,8

13,2

6,6

0

SPRINT 4
ID

Estimado

Día 1

Día 2

Día 3

Día 4

Día 5

Total Horas

REQ016-1

3

3

0

0

0

0

3

REQ016-2

4

0

4

0

0

0

4

REQ016-3

3

0

0

3

0

0

3

REQ017-1

3

0

0

0

3

0

3

REQ017-2

3

0

0

0

3

0

3

REQ017-3

2,5

0

0

0

0

2,5

2,5

Horas Estimadas

18,5

15,5

11,5

8,5

2,5

0

Horas EstimadasRestantes

18,5

14,8

11,1

7,4

3,7

0

SPRINT FINAL
ID

Estimado

Día 1

Día 2

Día 3

Día 4

Día 5

Día 6

REQ001-1

5

5

0

0

0

0

0

REQ001-2

4

0

3

1

0

0

0

REQ001-3

5

0

1

4

0

0

0

REQ002-1

2

2

0

0

0

0

0

REQ002-2

3,5

0

3,5

0

0

0

0

REQ002-3

2,5

0

0

2,5

0

0

0

REQ002-4

2,5

0

0

0

1,5

1

0

REQ003-1

3,5

3,5

0

0

0

0

0

REQ003-2

2

0

2

0

0

0

0

REQ003-3

3

0

0

1

2

0

0

REQ003-4

2

0

0

0

0

2

0

REQ004-1

2

0

0

0

0

0

2

REQ004-2

2,5

0

0

0

0

0

0

REQ004-3

2,5

0

0

0

0

0

0

REQ005-1

3

0

0

0

0

0

3

REQ005-2

4

0

0

0

0

0

0

REQ005-3

2

0

0

0

0

0

0

REQ005-4

3

0

0

0

0

0

0

REQ006-1

3

0

0

0

0

0

0

REQ006-2

3

0

0

0

0

0

0

REQ006-3

2

0

0

0

0

0

0

REQ007-1

2,5

0

0

0

0

0

0

REQ007-2

3

0

0

0

0

0

0

REQ007-3

2

0

0

0

0

0

0

REQ008-1

2,5

0

0

0

0

0

0

REQ008-2

2,5

0

0

0

0

0

0

REQ008-3

2

0

0

0

0

0

0

REQ009-1

3

0

0

0

0

0

0

REQ009-2

3

0

0

0

0

0

0

REQ009-3

3

0

0

0

0

0

0

REQ010-1

2,5

0

0

0

0

0

0

REQ010-2

3

0

0

0

0

0

0

REQ010-3

3

0

0

0

0

0

0

REQ011-1

2

0

0

0

0

0

0

REQ011-2

2,5

0

0

0

0

0

0

REQ011-3

3

0

0

0

0

0

0

REQ012-1

3

0

0

0

0

0

0

REQ012-2

4

0

0

0

0

0

0

REQ012-3

3

0

0

0

0

0

0

REQ013-1

2

0

0

0

0

0

0

REQ013-2

2

0

0

0

0

0

0

REQ013-3

2

0

0

0

0

0

0

REQ014-1

3

0

0

0

0

0

0

REQ014-2

3

0

0

0

0

0

0

REQ014-3

3

0

0

0

0

0

0

REQ015-1

3

0

0

0

0

0

0

REQ015-2

3

0

0

0

0

0

0

REQ015-3

2

0

0

0

0

0

0

REQ016-1

3

0

0

0

0

0

0

REQ016-2

4

0

0

0

0

0

0

REQ016-3

3

0

0

0

0

0

0

REQ017-1

3

0

0

0

0

0

0

REQ017-2

3

0

0

0

0

0

0

REQ017-3

2,5

0

0

0

0

0

0

Horas Estimadas

153

142,5

133

124,5

121

118

113

Horas EstimadasRestantes

153

146,88

140,76

134,64

128,52

122,4

116,28

40
35
30
25
20
15
10
5
0

1

2

3

35 24,5 15 6,5 3 0

4

5

35 28 21 14 7 0

6

7

40
35

30
25
20
15
10
5
0

1

2

3

34,5 29,5 23 15,5 9,5 0

4

5

34,5 27,6 20,7 13,8 6,9 0

6

7

40
35
30
25
20
15
10
5
0

1

2

3

4

5

6

7

32 26,5 21 16 8,5 0

32 25,6 19,2 12,8 6,4 0

40
35
30
25
20
15
10
5
0
1

2

33 28 22 17 8 0

3

4

5

33 26,4 19,8 13,2 6,6 0

6

7

40
35
30
25
20
15

10
5
0
1

2

3

18,5 15,5 11,5 8,5 2,5 0

4

5

18,5 14,8 11,1 7,4 3,7 0

6

7

Día 7

Día 8

Día 9

Día 10

Día 11

Día 12

Día 13

Día 14

Día 15

Día 16

0

0

0

0

0

0

0

0

0

0

0

0

0

0

0

0

0

0

0

0

0

0

0

0

0

0

0

0

0

0

0

0

0

0

0

0

0

0

0

0

0

0

0

0

0

0

0

0

0

0

0

0

0

0

0

0

0

0

0

0

0

0

0

0

0

0

0

0

0

0

0

0

0

0

0

0

0

0

0

0

0

0

0

0

0

0

0

0

0

0

0

0

0

0

0

0

0

0

0

0

0

0

0

0

0

0

0

0

0

0

0

0

0

0

0

0

0

0

0

0

2,5

0

0

0

0

0

0

0

0

0

0

2,5

0

0

0

0

0

0

0

0

0

0

0

0

0

0

0

0

0

0

4

0

0

0

0

0

0

0

0

0

0

2

0

0

0

0

0

0

0

0

0

0

3

0

0

0

0

0

0

0

0

3

0

0

0

0

0

0

0

0

0

0

3

0

0

0

0

0

0

0

0

0

0

2

0

0

0

0

0

0

0

0

0

2,5

0

0

0

0

0

0

0

0

0

3

0

0

0

0

0

0

0

0

0

2

0

0

0

0

0

0

0

0

0

0

2,5

0

0

0

0

0

0

0

0

0

0

2,5

0

0

0

0

0

0

0

0

0

0

2

0

0

0

0

0

0

0

3

0

0

0

0

0

0

0

0

0

0

3

0

0

0

0

0

0

0

0

0

0

3

0

0

0

0

0

0

0

0

0

0

2,5

0

0

0

0

0

0

0

0

0

3

0

0

0

0

0

0

0

0

0

0

3

0

0

0

0

0

0

0

0

2

0

0

0

0

0

0

0

0

0

0

2,5

0

0

0

0

0

0

0

0

0

3

0

0

0

0

0

0

0

0

0

0

3

0

0

0

0

0

0

0

0

0

0

0

0

0

0

0

0

0

0

0

0

0

0

0

0

0

0

0

0

0

2

0

0

0

0

0

0

0

0

0

0

0

0

0

0

0

0

0

0

0

0

0

0

0

0

0

0

0

0

0

0

0

0

0

0

0

0

0

0

0

0

0

0

0

0

0

0

0

0

0

0

0

0

0

0

0

0

0

0

0

0

0

0

0

0

0

0

0

0

0

0

0

0

0

0

0

0

0

0

0

0

0

0

0

0

0

0

0

0

0

0

0

0

0

0

0

0

0

0

0

0

0

0

0

0

0

0

0

0

0

0

0

0

0

0

0

0

0

0

0

0

0

0

0

0

0

0

0

0

0

0

0

0

0

0

0

0

0

0

0

0

106,5

99

93

83,5

78

72,5

67,5

60

51,5

46,5

110,16

104,04

97,92

91,8

85,68

79,56

73,44

67,32

61,2

55,08

Día 17

Día 18

Día 19

Día 20

Día 21

Día 22

Día 23

Día 24

Día 25

0

0

0

0

0

0

0

0

0

0

0

0

0

0

0

0

0

0

0

0

0

0

0

0

0

0

0

0

0

0

0

0

0

0

0

0

0

0

0

0

0

0

0

0

0

0

0

0

0

0

0

0

0

0

0

0

0

0

0

0

0

0

0

0

0

0

0

0

0

0

0

0

0

0

0

0

0

0

0

0

0

0

0

0

0

0

0

0

0

0

0

0

0

0

0

0

0

0

0

0

0

0

0

0

0

0

0

0

0

0

0

0

0

0

0

0

0

0

0

0

0

0

0

0

0

0

0

0

0

0

0

0

0

0

0

0

0

0

0

0

0

0

0

0

0

0

0

0

0

0

0

0

0

0

0

0

0

0

0

0

0

0

0

0

0

0

0

0

0

0

0

0

0

0

0

0

0

0

0

0

0

0

0

0

0

0

0

0

0

0

0

0

0

0

0

0

0

0

0

0

0

0

0

0

0

0

0

0

0

0

0

0

0

0

0

0

0

0

0

0

0

0

0

0

0

0

0

0

0

0

0

0

0

0

0

0

0

0

0

0

0

0

0

0

0

0

0

0

0

0

0

0

0

0

0

0

0

0

0

0

0

0

0

0

0

0

0

0

0

0

0

0

0

0

0

0

0

0

0

0

0

0

0

0

0

0

0

0

0

0

0

0

0

0

0

0

0

0

0

0

0

0

0

0

0

0

0

0

0

0

0

0

0

0

0

0

0

0

0

0

0

0

0

0

0

0

0

0

0

0

0

0

0

4

0

0

0

0

0

0

0

0

0

3

0

0

0

0

0

0

0

0

0

0

0

0

0

0

0

0

2

0

0

0

0

0

0

0

0

0

2

0

0

0

0

0

0

0

0

0

3

0

0

0

0

0

0

0

0

3

0

0

0

0

0

0

0

0

0

3

0

0

0

0

0

0

0

3

0

0

0

0

0

0

0

0

0

3

0

0

0

0

0

0

0

0

2

0

0

0

0

0

0

0

0

0

3

0

0

0

0

0

0

0

0

0

4

0

0

0

0

0

0

0

0

0

3

0

0

0

0

0

0

0

0

0

3

0

0

0

0

0

0

0

0

3

0

0

0

0

0

0

0

0

0

2,5

40,5

35,5

26,5

18,5

15,5

11,5

8,5

2,5

0

48,96

42,84

36,72

30,6

24,48

18,36

12,24

6,12

0,00

Total Horas
5
4
5
2
3,5
2,5

40

2,5
3,5
2

35

3
2
2
2,5

30

2,5
3
4

25

2
3
3

20

3
2
2,5

15

3
2
2,5

10

2,5
2
3
3
3

5

2,5
3

0
1

2

3

3
2
2,5
3
3
4
3
2
2
2
3
3
3
3
3
2
3
4
3
3
3
2,5

153 142,5 133 124,5 121 118 113 106,5 99 93 83,5 78 72,5 67,5 60 51,5 46,5 40,5 35,5 2

153 146,88 140,76 134,64 128,52 122,4 116,28 110,16 104,04 97,92 91,8 85,68 79,56 73

4

5

6

3,5 78 72,5 67,5 60 51,5 46,5 40,5 35,5 26,5 18,5 15,5 11,5 8,5 2,5 0

110,16 104,04 97,92 91,8 85,68 79,56 73,44 67,32 61,2 55,08 48,96 42,84 36,72 30,6 24,48 18,36 12,24 6,12 0,00

7

